'>FeO-_str' 2 -1.0 'H+' 1.0 '>FeOH_strong' 500.0 8.82 500.0 500.0 500.0 500.0 500.0 500.0
'>FeOH2+_str' 2 1.0 'H+' 1.0 '>FeOH_strong' 500.0 -7.18 500.0 500.0 500.0 500.0 500.0 500.0
'>FeOHZn+_str' 3 -1.0 'H+' 1.0 'Zn++' 1.0 '>FeOH_strong' 500.0 -0.66 500.0 500.0 500.0 500.0 500.0 500.0
'>FeO-_w' 2 -1.0 'H+' 1.0 '>FeOH_weak' 8.82 8.82 8.82 8.82 8.82 8.82 8.82 8.82
'>FeOH2+_w' 2 1.0 'H+' 1.0 '>FeOH_weak' -7.18 -7.18 -7.18 -7.18 -7.18 -7.18 -7.18 -7.18
'>FeOHZn+_w' 3 -1.0 'H+' 1.0 'Zn++' 1.0 '>FeOH_weak' 500.0 2.32 500.0 500.0 500.0 500.0 500.0 500.0
'>FeOH-Ca_w' 3 1.0 'Ca++' 1.0 '>FeOH_weak' -1.0 'H+' 5.85 5.85 5.85 5.85 5.85 5.85 5.85 5.85
'>FeOH-Mg_w' 3 1.0 'Mg++' 1.0 '>FeOH_weak' -1.0 'H+' 4.60 4.60 4.60 4.60 4.60 4.60 4.60 4.60
'>FeOH-Mn_w' 3 1.0 'Mn++' 1.0 '>FeOH_weak' -1.0 'H+' 3.50  3.50 3.50 3.50 3.50 3.50 3.50 3.50
'>SOH2+'   2  1.0 '>SOH'  1.0 'H+'   500 -5.4  500  500  500 500 500 500
'>SO-'     2  -1.0 'H+'   1.0 '>SOH'   500  10.3  500  500  500 500 500 500
'>SOH2-CrO4-'    3   1.0  'H+'   1.0 'CrO4--'     1.0  '>SOH'    500  -10.1  500  500  500 500 500 500
'>SOH2-HCrO4'    3   2.0  'H+'   1.0 'CrO4--'     1.0  '>SOH'    500  -19.3  500  500  500 500 500 500
'>SOMg+'         3   -1.0 'H+'   1.0 'Mg++'       1.0  '>SOH'    500  1.25   500  500  500 500 500 500
'>SOCa+'         3   -1.0 'H+'   1.0 'Ca++'       1.0  '>SOH'    500  1.2  500  500  500 500 500 500
'>SONa'          3   -1.0 'H+'   1.0 'Na+'        1.0  '>SOH'    500  2.48  500  500  500 500 500 500